   0.0000000000000000e+00   1.7000000000000000e+01
   0.0000000000000000e+00   1.7000000000000000e+01
   0.0000000000000000e+00   1.7000000000000000e+01
   0.0000000000000000e+00   1.7000000000000000e+01
   0.0000000000000000e+00   1.7000000000000000e+01
   0.0000000000000000e+00   1.7000000000000000e+01
   0.0000000000000000e+00   1.7000000000000000e+01
   0.0000000000000000e+00   1.7000000000000000e+01
   0.0000000000000000e+00   1.7000000000000000e+01
   0.0000000000000000e+00   1.7000000000000000e+01
   0.0000000000000000e+00   1.7000000000000000e+01
   0.0000000000000000e+00   1.7000000000000000e+01
   0.0000000000000000e+00   1.7000000000000000e+01
   0.0000000000000000e+00   1.7000000000000000e+01
   0.0000000000000000e+00   1.7000000000000000e+01
   0.0000000000000000e+00   1.7000000000000000e+01
   0.0000000000000000e+00   1.7000000000000000e+01
   0.0000000000000000e+00   1.7000000000000000e+01
   0.0000000000000000e+00   1.7000000000000000e+01
   0.0000000000000000e+00   1.7000000000000000e+01
   0.0000000000000000e+00   1.7000000000000000e+01
   0.0000000000000000e+00   1.7000000000000000e+01
   0.0000000000000000e+00   1.7000000000000000e+01
   0.0000000000000000e+00   1.7000000000000000e+01
   0.0000000000000000e+00   1.7000000000000000e+01
   0.0000000000000000e+00   1.7000000000000000e+01
   0.0000000000000000e+00   1.7000000000000000e+01
   0.0000000000000000e+00   1.7000000000000000e+01
   0.0000000000000000e+00   1.7000000000000000e+01
   0.0000000000000000e+00   1.7000000000000000e+01
   0.0000000000000000e+00   1.7000000000000000e+01
   0.0000000000000000e+00   1.7000000000000000e+01
   0.0000000000000000e+00   1.7000000000000000e+01
   0.0000000000000000e+00   1.7000000000000000e+01
