    0    8    1
   13   30    1
   12   20    1
    2    5    1
   26   29    1
    5   15    1
    0   13    1
   12   22    1
    6   21    1
    5   10    1
    0   26    1
    9   29    1
   17   31    1
    8   12    1
    2   22    1
   11   17    1
   14   22    1
    4    5    1
   13   19    1
   27   29    1
    4   26    1
    7   30    1
    0   29    1
   20   31    1
   25   29    1
    7   12    1
   19   26    1
    1   17    1
   21   24    1
    8   31    1
   19   22    1
    0    6    1
   12   25    1
   10   13    1
   17   23    1
    2   21    1
    9   11    1
   14   21    1
   23   26    1
    1    5    1
   11   23    1
   14   20    1
    8   11    1
    4   20    1
   10   19    1
    2   20    1
    0    1    1
   30   31    1
    2   25    1
   12   27    1
    8   18    1
   25   33    1
    1   13    1
    6    9    1
    0    3    1
    7   15    1
    4   30    1
   14   23    1
   10   31    1
   24   26    1
    3   22    1
   20   23    1
    5   16    1
    3   13    1
   17   24    1
    3    8    1
   16   25    1
    0   23    1
   27   33    1
   10   11    1
    7   19    1
   11   25    1
   16   30    1
    6   12    1
    9   15    1
    1   15    1
   18   30    1
    5   24    1
    9   18    1
    3   10    1
   21   33    1
    3   20    1
   14   25    1
   19   27    1
    2   15    1
    4   15    1
   23   31    1
    3    7    1
   16   27    1
   17   33    1
   10   16    1
   26   33    1
    5   28    1
    8   32    1
    0    5    1
   25   28    1
   22   24    1
   14   16    1
   15   28    1
   20   24    1
    1   27    1
    7   16    1
    9   33    1
   12   28    1
   23   27    1
    9   28    1
   17   18    1
   20   32    1
    0   12    1
   15   32    1
    6   11    1
    4   16    1
   13   33    1
    6   19    1
   16   31    1
   19   28    1
   18   22    1
   25   32    1
    2    6    1
   16   29    1
   11   18    1
   19   32    1
    0    0    1
    2   32    1
   18   26    1
    6   14    1
    1   33    1
   22   32    1
   28   30    1
    1   23    1
   14   32    1
    7   28    1
   15   24    1
    3    6    1
   24   28    1
   10   32    1
    0   17    1
    4   18    1
   16   21    1
    0    9    1
   13   32    1
   18   27    1
    7   32    1
   29   33    1
   13   28    1
    2   28    1
    5   26    1
    5    7    1
   18   31    1
   30   33    1
    0   11    1
    4   28    1
   21   32    1
   28   31    1
   29   32    1
    1    1    1
    2   33    1
    1   11    1
    3   32    1
    1   16    1
    3    4    1
    2    2    1
    6    7    1
    6    8    1
    1   10    1
    4    4    1
    5    8    1
    2    9    1
    3   11    1
    3   12    1
    1   14    1
    3   33    1
    0   14    1
    1   18    1
    2   19    1
    4   12    1
    7    9    1
    7    8    1
    8    9    1
    9   10    1
    6   15    1
    8   10    1
   10   15    1
   15   16    1
    3   18    1
    2   14    1
    4   13    1
    5   11    1
    7   13    1
    9   12    1
   11   11    1
   12   13    1
   12   14    1
    5   17    1
    4   19    1
    3   23    1
    2   24    1
    0   20    1
    5   21    1
    4   23    1
    6   16    1
   12   19    1
    8   17    1
    6   18    1
   15   17    1
    7   14    1
   11   19    1
    9   17    1
   10   20    1
    6   25    1
    4   24    1
    1   22    1
    5   25    1
    7   20    1
    8   21    1
    7   22    1
    8   23    1
   10   21    1
    9   20    1
   13   13    1
   14   14    1
   18   19    1
   16   16    1
   12   23    1
    3   24    1
    1   28    1
    2   30    1
    3   29    1
    5   30    1
    6   27    1
    7   26    1
    8   27    1
    9   25    1
   10   22    1
   11   24    1
    8   26    1
    4   29    1
    9   31    1
   10   27    1
   13   25    1
   17   17    1
   15   20    1
   13   21    1
   15   22    1
   18   23    1
   18   24    1
   14   26    1
   10   29    1
    6   28    1
   16   24    1
   19   19    1
   17   21    1
   20   22    1
   20   21    1
   21   22    1
   22   25    1
   15   26    1
   13   27    1
   15   29    1
   11   30    1
   12   29    1
   14   30    1
   17   25    1
   20   26    1
   17   27    1
   21   25    1
   25   26    1
   21   29    1
   19   23    1
   23   24    1
   24   29    1
   22   26    1
   26   27    1
   22   30    1
   21   31    1
   27   27    1
   24   30    1
   18   32    1
   28   28    1
   23   32    1
   29   29    1
   30   30    1
   31   31    1
   32   33    1
   27   30    1
   31   33    1
   33   33    1
