    0    8    1
   13   30    1
   12   20    1
    2    5    1
   26   29    1
    5   15    1
    0   13    1
   12   22    1
    6   21    1
    5   10    1
    0   26    1
    9   29    1
   17   31    1
    8   12    1
    2   22    1
   11   17    1
   14   22    1
    4    5    1
   13   19    1
   27   29    1
    4   26    1
    7   30    1
    0   29    1
   20   31    1
   25   29    1
    5   16    1
    1   17    1
   19   26    1
   12   25    1
   23   30    1
   17   24    1
   11   21    1
    9   14    1
    1   21    1
    0   25    1
    1   13    1
   10   12    1
   11   27    1
   14   20    1
    8   11    1
   23   26    1
    1   20    1
    4   11    1
   10   14    1
   13   23    1
    0    6    1
    3   22    1
    6    9    1
    3    5    1
   22   23    1
    8   24    1
   25   33    1
   20   23    1
   16   25    1
   14   27    1
   20   33    1
    3   13    1
   24   26    1
    3    8    1
   12   18    1
    0   15    1
   21   23    1
    3   17    1
   16   30    1
    6   12    1
    0   33    1
    8   28    1
   16   26    1
   10   33    1
    3   25    1
   15   28    1
    1    9    1
   15   30    1
    4   15    1
   14   16    1
    1   27    1
    5   33    1
    9   24    1
   18   30    1
    5   28    1
   10   18    1
    9   16    1
   21   33    1
   18   25    1
   24   27    1
    9   23    1
   27   28    1
    3   32    1
    0    5    1
    8   32    1
    4   16    1
   13   33    1
   16   22    1
   21   28    1
   18   22    1
   14   32    1
   18   26    1
   27   32    1
   30   33    1
   18   29    1
   13   28    1
    3   23    1
    3    4    1
    3   18    1
   14   28    1
   10   32    1
    5   22    1
    5    8    1
    8    9    1
   13   32    1
    5   14    1
    3   33    1
   16   16    1
    8   23    1
   10   10    1
   21   32    1
    5   25    1
    8   21    1
   10   25    1
   23   23    1
   24   28    1
    5   26    1
    3   30    1
   14   24    1
   13   13    1
   21   21    1
   13   25    1
    8   26    1
   14   29    1
   14   30    1
   16   24    1
   24   29    1
   21   30    1
   24   33    1
   23   29    1
   29   30    1
   23   33    1
   25   25    1
    8   13    1
   16   29    1
    8   14    1
   21   24    1
   13   14    1
   13   21    1
   29   33    1
   29   29    1
   33   33    1
   14   21    1
   21   29    1
