    0   20    1
    0   21    1
    0   35    1
    0   96    1
    0  115    1
    0  125    1
    0  145    1
    0  154    1
    0  157    1
    0  162    1
    1    5    1
    1    7    1
    1    9    1
    1   10    1
    1   17    1
    1   21    1
    1   23    1
    1   33    1
    1   35    1
    1   39    1
    1   41    1
    1   46    1
    1   49    1
    1   58    1
    1   59    1
    1   66    1
    1   71    1
    1   75    1
    1   77    1
    1   80    1
    1   81    1
    1   83    1
    1   89    1
    1   90    1
    1  100    1
    1  106    1
    1  117    1
    1  122    1
    1  134    1
    1  135    1
    1  143    1
    1  151    1
    1  155    1
    1  156    1
    1  169    1
    1  184    1
    2   18    1
    2   24    1
    2   26    1
    2   27    1
    2   48    1
    2   69    1
    2   76    1
    2  103    1
    2  104    1
    2  107    1
    2  113    1
    2  120    1
    2  121    1
    2  124    1
    2  125    1
    2  128    1
    2  130    1
    2  135    1
    2  146    1
    2  151    1
    2  156    1
    2  162    1
    2  165    1
    2  179    1
    2  181    1
    2  187    1
    2  192    1
    3   19    1
    3   23    1
    3   27    1
    3   31    1
    3   33    1
    3   37    1
    3   49    1
    3   53    1
    3   54    1
    3   59    1
    3   63    1
    3   64    1
    3   68    1
    3   70    1
    3   71    1
    3   80    1
    3   82    1
    3   86    1
    3   93    1
    3   96    1
    3   99    1
    3  107    1
    3  108    1
    3  113    1
    3  125    1
    3  130    1
    3  133    1
    3  141    1
    3  142    1
    3  147    1
    3  149    1
    3  154    1
    3  155    1
    3  158    1
    3  159    1
    3  160    1
    3  161    1
    3  164    1
    3  194    1
    3  197    1
    3  198    1
    3  199    1
    4   14    1
    4   18    1
    4   32    1
    4   49    1
    4   51    1
    4   58    1
    4   60    1
    4   64    1
    4   72    1
    4   85    1
    4   88    1
    4   96    1
    4   97    1
    4  106    1
    4  111    1
    4  116    1
    4  118    1
    4  127    1
    4  135    1
    4  145    1
    4  146    1
    4  153    1
    4  156    1
    4  165    1
    4  177    1
    5    6    1
    5    7    1
    5   10    1
    5   17    1
    5   22    1
    5   26    1
    5   39    1
    5   41    1
    5   46    1
    5   47    1
    5   59    1
    5   64    1
    5   68    1
    5   82    1
    5   87    1
    5   88    1
    5   94    1
    5   97    1
    5  104    1
    5  108    1
    5  110    1
    5  111    1
    5  115    1
    5  118    1
    5  122    1
    5  135    1
    5  141    1
    5  146    1
    5  153    1
    5  159    1
    5  174    1
    5  177    1
    5  180    1
    5  183    1
    5  198    1
    6   11    1
    6   16    1
    6   36    1
    6   72    1
    6   82    1
    6   90    1
    6   96    1
    6  116    1
    6  143    1
    6  154    1
    6  159    1
    7   13    1
    7   14    1
    7   17    1
    7   21    1
    7   23    1
    7   24    1
    7   33    1
    7   34    1
    7   36    1
    7   38    1
    7   39    1
    7   58    1
    7   62    1
    7   67    1
    7   72    1
    7   77    1
    7   80    1
    7   84    1
    7   96    1
    7  122    1
    7  123    1
    7  124    1
    7  125    1
    7  128    1
    7  142    1
    7  143    1
    7  151    1
    7  160    1
    7  162    1
    7  167    1
    7  182    1
    7  185    1
    7  191    1
    8   25    1
    8   36    1
    8   41    1
    8   48    1
    8   49    1
    8   56    1
    8   61    1
    8   66    1
    8   80    1
    8   88    1
    8  114    1
    8  123    1
    8  124    1
    8  133    1
    8  134    1
    8  135    1
    8  136    1
    8  141    1
    8  142    1
    8  143    1
    8  146    1
    8  148    1
    8  152    1
    8  155    1
    8  157    1
    8  160    1
    8  162    1
    8  171    1
    8  177    1
    8  192    1
    8  194    1
    9   19    1
    9   20    1
    9   24    1
    9   39    1
    9   59    1
    9   76    1
    9   90    1
    9  100    1
    9  103    1
    9  106    1
    9  114    1
    9  119    1
    9  124    1
    9  125    1
    9  139    1
    9  161    1
    9  163    1
    9  165    1
    9  169    1
    9  170    1
    9  171    1
    9  180    1
    9  188    1
    9  191    1
    9  196    1
   10   14    1
   10   17    1
   10   18    1
   10   19    1
   10   35    1
   10   36    1
   10   38    1
   10   48    1
   10   63    1
   10   83    1
   10   88    1
   10   97    1
   10  104    1
   10  106    1
   10  115    1
   10  118    1
   10  122    1
   10  124    1
   10  125    1
   10  127    1
   10  130    1
   10  136    1
   10  137    1
   10  143    1
   10  154    1
   10  155    1
   10  158    1
   10  166    1
   10  170    1
   10  177    1
   10  187    1
   10  188    1
   11   15    1
   11   20    1
   11   25    1
   11   45    1
   11   48    1
   11   63    1
   11   67    1
   11   70    1
   11   72    1
   11   82    1
   11   84    1
   11   88    1
   11  104    1
   11  119    1
   11  120    1
   11  122    1
   11  130    1
   11  131    1
   11  133    1
   11  134    1
   11  136    1
   11  144    1
   11  149    1
   11  151    1
   11  154    1
   11  155    1
   11  158    1
   11  165    1
   11  169    1
   11  177    1
   11  179    1
   11  180    1
   11  184    1
   11  191    1
   11  194    1
   12   47    1
   12   50    1
   12   87    1
   12  103    1
   12  115    1
   12  151    1
   12  161    1
   12  184    1
   12  188    1
   13   18    1
   13   41    1
   13   61    1
   13   81    1
   13   97    1
   13  101    1
   13  106    1
   13  158    1
   13  161    1
   13  190    1
   13  196    1
   14   18    1
   14   19    1
   14   20    1
   14   21    1
   14   30    1
   14   43    1
   14   47    1
   14   58    1
   14   59    1
   14   70    1
   14   76    1
   14   78    1
   14   79    1
   14   80    1
   14   83    1
   14   90    1
   14   94    1
   14  100    1
   14  101    1
   14  103    1
   14  118    1
   14  120    1
   14  121    1
   14  124    1
   14  125    1
   14  131    1
   14  134    1
   14  151    1
   14  156    1
   14  163    1
   14  173    1
   14  177    1
   14  182    1
   14  184    1
   14  190    1
   14  192    1
   14  196    1
   15   18    1
   15   21    1
   15   48    1
   15   82    1
   15  104    1
   15  125    1
   15  141    1
   15  151    1
   15  156    1
   15  158    1
   15  161    1
   15  188    1
   15  192    1
   16   26    1
   16   32    1
   16   41    1
   16   54    1
   16   60    1
   16   67    1
   16   68    1
   16   70    1
   16   71    1
   16   77    1
   16   79    1
   16   80    1
   16   84    1
   16   96    1
   16  103    1
   16  104    1
   16  106    1
   16  122    1
   16  124    1
   16  128    1
   16  131    1
   16  134    1
   16  135    1
   16  143    1
   16  144    1
   16  147    1
   16  154    1
   16  156    1
   16  160    1
   16  168    1
   16  170    1
   16  171    1
   16  177    1
   16  179    1
   16  196    1
   17   18    1
   17   32    1
   17   33    1
   17   35    1
   17   36    1
   17   48    1
   17   51    1
   17   57    1
   17   58    1
   17   76    1
   17   80    1
   17   89    1
   17  111    1
   17  115    1
   17  122    1
   17  130    1
   17  141    1
   17  151    1
   17  155    1
   17  158    1
   17  159    1
   17  162    1
   17  163    1
   17  191    1
   17  194    1
   17  196    1
   18   23    1
   18   25    1
   18   31    1
   18   32    1
   18   33    1
   18   36    1
   18   41    1
   18   51    1
   18   53    1
   18   62    1
   18   70    1
   18   75    1
   18   97    1
   18   99    1
   18  101    1
   18  108    1
   18  111    1
   18  113    1
   18  119    1
   18  121    1
   18  122    1
   18  123    1
   18  137    1
   18  162    1
   18  169    1
   18  174    1
   18  179    1
   18  189    1
   19   23    1
   19   31    1
   19   50    1
   19   72    1
   19   81    1
   19   85    1
   19   87    1
   19   89    1
   19   94    1
   19   97    1
   19   98    1
   19   99    1
   19  118    1
   19  122    1
   19  130    1
   19  133    1
   19  134    1
   19  144    1
   19  146    1
   19  153    1
   19  158    1
   19  161    1
   19  178    1
   19  184    1
   19  187    1
   19  194    1
   19  199    1
   20   23    1
   20   27    1
   20   36    1
   20   37    1
   20   47    1
   20   50    1
   20   60    1
   20   64    1
   20   71    1
   20   72    1
   20   75    1
   20   77    1
   20   78    1
   20   79    1
   20   80    1
   20   83    1
   20   85    1
   20   89    1
   20  105    1
   20  113    1
   20  121    1
   20  123    1
   20  125    1
   20  131    1
   20  133    1
   20  135    1
   20  137    1
   20  143    1
   20  145    1
   20  154    1
   20  168    1
   20  171    1
   20  177    1
   20  179    1
   20  181    1
   20  187    1
   20  188    1
   20  197    1
   21   27    1
   21   30    1
   21   32    1
   21   34    1
   21   45    1
   21   50    1
   21   54    1
   21   56    1
   21   61    1
   21   70    1
   21   76    1
   21   89    1
   21   94    1
   21  103    1
   21  106    1
   21  122    1
   21  130    1
   21  166    1
   21  168    1
   21  170    1
   21  172    1
   21  174    1
   21  178    1
   21  180    1
   21  181    1
   21  182    1
   21  184    1
   22   36    1
   22   47    1
   22   69    1
   22   77    1
   22  115    1
   22  120    1
   22  137    1
   22  143    1
   22  145    1
   22  151    1
   22  163    1
   22  165    1
   22  192    1
   22  196    1
   23   24    1
   23   28    1
   23   31    1
   23   60    1
   23   70    1
   23   71    1
   23   74    1
   23   77    1
   23   78    1
   23   79    1
   23   81    1
   23   87    1
   23   97    1
   23  113    1
   23  118    1
   23  127    1
   23  141    1
   23  145    1
   23  151    1
   23  161    1
   23  163    1
   23  168    1
   23  174    1
   23  179    1
   23  184    1
   23  192    1
   23  194    1
   23  198    1
   24   48    1
   24   89    1
   24  104    1
   24  120    1
   24  159    1
   24  160    1
   24  165    1
   25   25    1
   25   26    1
   25   33    1
   25   37    1
   25   48    1
   25   51    1
   25   63    1
   25   75    1
   25   82    1
   25   87    1
   25   88    1
   25   96    1
   25   97    1
   25   98    1
   25  104    1
   25  109    1
   25  117    1
   25  121    1
   25  123    1
   25  127    1
   25  131    1
   25  140    1
   25  144    1
   25  148    1
   25  149    1
   25  157    1
   25  159    1
   25  166    1
   25  170    1
   25  173    1
   25  180    1
   25  181    1
   25  182    1
   25  183    1
   25  184    1
   25  195    1
   25  196    1
   25  197    1
   26   41    1
   26   53    1
   26   58    1
   26   70    1
   26   77    1
   26   78    1
   26   83    1
   26   94    1
   26   97    1
   26   99    1
   26  101    1
   26  103    1
   26  111    1
   26  120    1
   26  139    1
   26  143    1
   26  144    1
   26  151    1
   26  154    1
   26  159    1
   26  160    1
   26  161    1
   26  169    1
   26  173    1
   26  181    1
   26  194    1
   26  196    1
   27   33    1
   27   53    1
   27   72    1
   27   77    1
   27   80    1
   27   82    1
   27   84    1
   27   93    1
   27   98    1
   27  101    1
   27  103    1
   27  137    1
   27  145    1
   27  146    1
   27  178    1
   27  179    1
   27  188    1
   27  196    1
   28   32    1
   28   33    1
   28   41    1
   28   48    1
   28   63    1
   28   64    1
   28   67    1
   28   99    1
   28  103    1
   28  120    1
   28  124    1
   28  134    1
   28  141    1
   28  158    1
   28  170    1
   28  179    1
   28  187    1
   29  115    1
   29  135    1
   29  159    1
   30   39    1
   30   61    1
   30   83    1
   30   90    1
   30  106    1
   30  111    1
   30  120    1
   30  128    1
   30  141    1
   30  149    1
   30  154    1
   30  191    1
   30  192    1
   30  196    1
   31   36    1
   31   48    1
   31   67    1
   31   88    1
   31  101    1
   31  120    1
   31  125    1
   31  135    1
   31  163    1
   31  184    1
   31  191    1
   31  192    1
   32   44    1
   32   48    1
   32   49    1
   32   51    1
   32   53    1
   32   59    1
   32   63    1
   32   64    1
   32   75    1
   32   82    1
   32   88    1
   32   90    1
   32   93    1
   32   94    1
   32   99    1
   32  100    1
   32  101    1
   32  103    1
   32  108    1
   32  113    1
   32  116    1
   32  119    1
   32  134    1
   32  145    1
   32  155    1
   32  157    1
   32  170    1
   32  174    1
   32  178    1
   32  180    1
   32  181    1
   32  192    1
   32  196    1
   33   37    1
   33   53    1
   33   58    1
   33   61    1
   33   68    1
   33   72    1
   33   78    1
   33   81    1
   33   88    1
   33   89    1
   33   96    1
   33  109    1
   33  122    1
   33  133    1
   33  142    1
   33  146    1
   33  156    1
   33  158    1
   33  181    1
   33  183    1
   33  184    1
   33  190    1
   33  196    1
   34   35    1
   34  115    1
   34  116    1
   34  124    1
   35   35    1
   35   46    1
   35   48    1
   35   56    1
   35   60    1
   35   79    1
   35   83    1
   35   86    1
   35   87    1
   35   88    1
   35   92    1
   35   96    1
   35   97    1
   35  100    1
   35  104    1
   35  108    1
   35  111    1
   35  113    1
   35  118    1
   35  120    1
   35  121    1
   35  134    1
   35  141    1
   35  143    1
   35  156    1
   35  172    1
   35  175    1
   35  177    1
   35  180    1
   35  188    1
   36   41    1
   36   53    1
   36   54    1
   36   59    1
   36   69    1
   36   74    1
   36   80    1
   36   87    1
   36   90    1
   36   94    1
   36   99    1
   36  101    1
   36  106    1
   36  108    1
   36  110    1
   36  111    1
   36  122    1
   36  133    1
   36  135    1
   36  141    1
   36  142    1
   36  149    1
   36  157    1
   36  162    1
   36  165    1
   36  169    1
   36  170    1
   36  175    1
   36  178    1
   36  179    1
   36  192    1
   37   37    1
   37   47    1
   37   50    1
   37   75    1
   37   88    1
   37   89    1
   37  106    1
   37  112    1
   37  125    1
   37  133    1
   37  137    1
   37  141    1
   37  144    1
   37  154    1
   37  156    1
   37  158    1
   37  160    1
   37  165    1
   37  168    1
   37  170    1
   37  171    1
   37  181    1
   37  191    1
   37  192    1
   38   81    1
   38   87    1
   38   97    1
   38  104    1
   38  163    1
   38  177    1
   39   46    1
   39   52    1
   39   57    1
   39   64    1
   39   68    1
   39   71    1
   39   72    1
   39   76    1
   39   77    1
   39   83    1
   39   86    1
   39   87    1
   39   94    1
   39  101    1
   39  104    1
   39  106    1
   39  108    1
   39  117    1
   39  133    1
   39  134    1
   39  136    1
   39  147    1
   39  149    1
   39  156    1
   39  157    1
   39  158    1
   39  162    1
   39  166    1
   39  178    1
   39  195    1
   40   51    1
   40   68    1
   40   97    1
   40  141    1
   40  177    1
   41   41    1
   41   62    1
   41  101    1
   41  111    1
   41  123    1
   41  132    1
   41  133    1
   41  134    1
   41  135    1
   41  136    1
   41  154    1
   41  158    1
   41  162    1
   41  177    1
   41  179    1
   41  187    1
   41  196    1
   42  184    1
   43   81    1
   43  124    1
   43  135    1
   43  143    1
   43  145    1
   43  157    1
   44   67    1
   44  118    1
   44  156    1
   44  177    1
   45   68    1
   45   82    1
   45   89    1
   45   96    1
   45  101    1
   45  154    1
   46   47    1
   46   61    1
   46   67    1
   46   80    1
   46   96    1
   46  101    1
   46  137    1
   46  149    1
   46  157    1
   46  161    1
   46  187    1
   46  188    1
   46  191    1
   47   47    1
   47   48    1
   47   58    1
   47   71    1
   47   75    1
   47   82    1
   47   90    1
   47   98    1
   47   99    1
   47  109    1
   47  111    1
   47  116    1
   47  128    1
   47  135    1
   47  136    1
   47  137    1
   47  142    1
   47  145    1
   47  152    1
   47  153    1
   47  154    1
   47  155    1
   47  156    1
   47  158    1
   47  168    1
   47  173    1
   47  185    1
   47  187    1
   47  191    1
   47  195    1
   47  197    1
   47  199    1
   48   54    1
   48   69    1
   48   94    1
   48   99    1
   48  101    1
   48  111    1
   48  113    1
   48  120    1
   48  121    1
   48  128    1
   48  133    1
   48  134    1
   48  136    1
   48  137    1
   48  153    1
   48  199    1
   49   81    1
   49   83    1
   49   89    1
   49   96    1
   49  106    1
   49  116    1
   49  120    1
   49  135    1
   49  144    1
   49  157    1
   49  163    1
   49  165    1
   49  179    1
   49  190    1
   50   50    1
   50   55    1
   50   57    1
   50   58    1
   50   60    1
   50   65    1
   50   67    1
   50   72    1
   50   74    1
   50   77    1
   50   80    1
   50   86    1
   50  100    1
   50  104    1
   50  107    1
   50  109    1
   50  110    1
   50  114    1
   50  115    1
   50  119    1
   50  125    1
   50  126    1
   50  134    1
   50  135    1
   50  137    1
   50  146    1
   50  158    1
   50  163    1
   50  172    1
   50  180    1
   50  189    1
   50  192    1
   50  199    1
   51   51    1
   51   57    1
   51   67    1
   51   76    1
   51   78    1
   51   79    1
   51   89    1
   51  106    1
   51  108    1
   51  109    1
   51  113    1
   51  115    1
   51  118    1
   51  136    1
   51  137    1
   51  143    1
   51  161    1
   51  168    1
   51  169    1
   51  177    1
   51  179    1
   51  188    1
   51  190    1
   51  192    1
   51  194    1
   51  195    1
   52   82    1
   52  161    1
   52  184    1
   52  190    1
   53   61    1
   53   67    1
   53   68    1
   53   70    1
   53   80    1
   53   81    1
   53   85    1
   53  104    1
   53  111    1
   53  127    1
   53  135    1
   53  137    1
   53  141    1
   53  145    1
   53  156    1
   53  157    1
   53  158    1
   53  170    1
   53  183    1
   53  192    1
   54  103    1
   54  159    1
   55  134    1
   55  151    1
   56   58    1
   56   72    1
   56   76    1
   56   82    1
   56   83    1
   56   87    1
   56  103    1
   56  106    1
   56  159    1
   57   76    1
   57  101    1
   57  116    1
   57  149    1
   57  158    1
   57  159    1
   57  168    1
   58   59    1
   58   61    1
   58   72    1
   58   80    1
   58  104    1
   58  113    1
   58  121    1
   58  122    1
   58  141    1
   58  146    1
   58  149    1
   58  153    1
   58  156    1
   58  158    1
   58  160    1
   58  161    1
   58  162    1
   58  187    1
   58  195    1
   59   67    1
   59   69    1
   59   81    1
   59   89    1
   59   90    1
   59  101    1
   59  103    1
   59  106    1
   59  124    1
   59  125    1
   59  134    1
   59  162    1
   59  188    1
   59  191    1
   60   80    1
   60   96    1
   60  124    1
   60  151    1
   60  162    1
   61   70    1
   61   86    1
   61   90    1
   61   95    1
   61   97    1
   61  120    1
   61  122    1
   61  124    1
   61  127    1
   61  128    1
   61  130    1
   61  134    1
   61  154    1
   61  162    1
   61  168    1
   61  180    1
   61  194    1
   62   64    1
   62   68    1
   62   80    1
   62   89    1
   62   97    1
   62  104    1
   62  106    1
   62  124    1
   62  143    1
   62  145    1
   62  170    1
   62  196    1
   63   68    1
   63   70    1
   63   80    1
   63   84    1
   63   87    1
   63   90    1
   63  106    1
   63  108    1
   63  110    1
   63  120    1
   63  121    1
   63  125    1
   63  133    1
   63  137    1
   63  161    1
   63  180    1
   63  181    1
   63  194    1
   63  195    1
   64   64    1
   64   67    1
   64   69    1
   64   74    1
   64   77    1
   64   81    1
   64   90    1
   64   94    1
   64   98    1
   64   99    1
   64  110    1
   64  116    1
   64  130    1
   64  137    1
   64  156    1
   64  162    1
   64  164    1
   64  165    1
   64  172    1
   64  179    1
   64  183    1
   65  104    1
   65  124    1
   65  125    1
   65  127    1
   65  145    1
   65  149    1
   65  157    1
   65  159    1
   65  188    1
   66   87    1
   66   88    1
   66  101    1
   66  158    1
   66  161    1
   66  163    1
   67   74    1
   67   80    1
   67   81    1
   67   82    1
   67   87    1
   67   90    1
   67  100    1
   67  109    1
   67  111    1
   67  130    1
   67  133    1
   67  136    1
   67  140    1
   67  144    1
   67  146    1
   67  150    1
   67  151    1
   67  157    1
   67  158    1
   67  162    1
   67  163    1
   67  164    1
   67  165    1
   67  168    1
   67  169    1
   67  181    1
   67  188    1
   67  191    1
   67  197    1
   68   74    1
   68   80    1
   68   81    1
   68   87    1
   68   90    1
   68   94    1
   68   96    1
   68   97    1
   68  103    1
   68  105    1
   68  106    1
   68  112    1
   68  130    1
   68  135    1
   68  137    1
   68  158    1
   68  160    1
   68  162    1
   68  168    1
   68  170    1
   68  178    1
   68  188    1
   68  197    1
   69   71    1
   69   72    1
   69   74    1
   69   81    1
   69   89    1
   69   90    1
   69   95    1
   69   96    1
   69  104    1
   69  105    1
   69  111    1
   69  123    1
   69  127    1
   69  154    1
   69  158    1
   69  175    1
   69  181    1
   69  184    1
   70   77    1
   70   85    1
   70  103    1
   70  104    1
   70  106    1
   70  115    1
   70  125    1
   70  133    1
   70  135    1
   70  136    1
   70  145    1
   70  162    1
   70  163    1
   70  165    1
   70  170    1
   70  178    1
   70  184    1
   70  196    1
   71   82    1
   71   96    1
   71   99    1
   71  115    1
   71  144    1
   71  158    1
   71  161    1
   71  168    1
   71  179    1
   71  188    1
   71  192    1
   72   74    1
   72   85    1
   72   88    1
   72  100    1
   72  101    1
   72  106    1
   72  119    1
   72  124    1
   72  128    1
   72  139    1
   72  142    1
   72  143    1
   72  163    1
   72  166    1
   72  171    1
   72  175    1
   72  180    1
   72  182    1
   72  192    1
   72  196    1
   72  199    1
   73  151    1
   73  179    1
   73  188    1
   74   75    1
   74   88    1
   74   90    1
   74   96    1
   74  101    1
   74  125    1
   74  127    1
   74  128    1
   74  144    1
   74  157    1
   74  158    1
   74  194    1
   75   77    1
   75   78    1
   75   89    1
   75  100    1
   75  101    1
   75  109    1
   75  110    1
   75  116    1
   75  125    1
   75  127    1
   75  134    1
   75  136    1
   75  141    1
   75  151    1
   75  153    1
   75  154    1
   75  161    1
   75  162    1
   75  170    1
   75  194    1
   75  196    1
   76   80    1
   76   86    1
   76   94    1
   76   96    1
   76   97    1
   76  100    1
   76  104    1
   76  113    1
   76  116    1
   76  122    1
   76  128    1
   76  130    1
   76  136    1
   76  137    1
   76  144    1
   76  146    1
   76  155    1
   76  162    1
   76  163    1
   76  168    1
   76  171    1
   76  184    1
   76  188    1
   76  190    1
   76  191    1
   76  199    1
   77   78    1
   77   81    1
   77   88    1
   77   98    1
   77  104    1
   77  110    1
   77  111    1
   77  124    1
   77  144    1
   77  150    1
   77  173    1
   77  174    1
   77  177    1
   77  181    1
   77  191    1
   77  194    1
   78   81    1
   78  104    1
   78  106    1
   78  115    1
   78  124    1
   78  127    1
   78  134    1
   78  141    1
   78  143    1
   78  153    1
   78  156    1
   78  161    1
   78  190    1
   79   80    1
   79   90    1
   79  116    1
   79  118    1
   79  122    1
   79  159    1
   79  170    1
   79  177    1
   79  192    1
   80   84    1
   80   93    1
   80  103    1
   80  114    1
   80  119    1
   80  130    1
   80  131    1
   80  144    1
   80  147    1
   80  160    1
   80  171    1
   80  174    1
   80  180    1
   80  188    1
   80  189    1
   81  100    1
   81  103    1
   81  108    1
   81  111    1
   81  115    1
   81  127    1
   81  130    1
   81  135    1
   81  154    1
   81  157    1
   81  160    1
   81  178    1
   81  184    1
   81  188    1
   81  190    1
   81  194    1
   81  195    1
   81  197    1
   82   85    1
   82   89    1
   82   94    1
   82   98    1
   82  103    1
   82  110    1
   82  111    1
   82  120    1
   82  121    1
   82  130    1
   82  131    1
   82  150    1
   82  155    1
   82  159    1
   82  161    1
   82  165    1
   82  174    1
   82  176    1
   82  180    1
   82  194    1
   82  196    1
   82  199    1
   83   83    1
   83   84    1
   83   86    1
   83   99    1
   83  107    1
   83  111    1
   83  125    1
   83  134    1
   83  154    1
   83  155    1
   83  160    1
   83  163    1
   83  176    1
   83  184    1
   83  191    1
   84   90    1
   84   99    1
   84  111    1
   84  115    1
   84  121    1
   84  143    1
   84  145    1
   84  153    1
   84  177    1
   85  101    1
   85  103    1
   85  118    1
   85  121    1
   85  134    1
   85  145    1
   85  154    1
   85  157    1
   85  160    1
   85  163    1
   85  177    1
   85  183    1
   86   87    1
   86   88    1
   86   97    1
   86  107    1
   86  124    1
   86  135    1
   86  141    1
   86  149    1
   86  151    1
   86  154    1
   86  157    1
   86  160    1
   86  165    1
   86  183    1
   86  188    1
   86  196    1
   87   93    1
   87   98    1
   87  100    1
   87  104    1
   87  111    1
   87  120    1
   87  122    1
   87  127    1
   87  135    1
   87  137    1
   87  138    1
   87  139    1
   87  151    1
   87  153    1
   87  169    1
   87  171    1
   87  173    1
   87  177    1
   87  183    1
   87  184    1
   87  194    1
   88   89    1
   88   99    1
   88  100    1
   88  106    1
   88  107    1
   88  108    1
   88  115    1
   88  116    1
   88  121    1
   88  128    1
   88  135    1
   88  137    1
   88  142    1
   88  156    1
   88  158    1
   88  159    1
   88  166    1
   88  180    1
   88  197    1
   89  104    1
   89  107    1
   89  109    1
   89  110    1
   89  124    1
   89  127    1
   89  128    1
   89  130    1
   89  141    1
   89  143    1
   89  156    1
   89  157    1
   89  174    1
   89  177    1
   89  188    1
   89  192    1
   90  100    1
   90  113    1
   90  119    1
   90  126    1
   90  134    1
   90  137    1
   90  151    1
   90  157    1
   90  162    1
   90  168    1
   90  175    1
   90  177    1
   90  179    1
   90  188    1
   90  190    1
   90  196    1
   91  104    1
   91  120    1
   91  137    1
   92  124    1
   92  161    1
   92  190    1
   93  106    1
   93  115    1
   93  122    1
   93  141    1
   93  157    1
   93  161    1
   94   94    1
   94   99    1
   94  104    1
   94  118    1
   94  122    1
   94  135    1
   94  143    1
   94  144    1
   94  149    1
   94  161    1
   94  187    1
   94  190    1
   95  118    1
   95  143    1
   95  144    1
   96  105    1
   96  107    1
   96  109    1
   96  130    1
   96  134    1
   96  151    1
   96  156    1
   96  177    1
   97  115    1
   97  118    1
   97  124    1
   97  127    1
   97  143    1
   97  148    1
   97  154    1
   97  156    1
   97  157    1
   97  184    1
   97  187    1
   97  188    1
   97  190    1
   97  192    1
   98  108    1
   98  111    1
   98  120    1
   98  128    1
   98  131    1
   98  133    1
   98  137    1
   98  145    1
   98  168    1
   98  187    1
   98  194    1
   99   99    1
   99  100    1
   99  107    1
   99  109    1
   99  111    1
   99  115    1
   99  120    1
   99  122    1
   99  132    1
   99  134    1
   99  135    1
   99  136    1
   99  144    1
   99  152    1
   99  175    1
   99  177    1
   99  181    1
   99  188    1
  100  103    1
  100  120    1
  100  161    1
  100  177    1
  100  179    1
  100  188    1
  100  190    1
  101  109    1
  101  124    1
  101  125    1
  101  137    1
  101  143    1
  101  149    1
  101  153    1
  101  159    1
  101  160    1
  101  171    1
  101  172    1
  101  174    1
  101  183    1
  101  186    1
  101  199    1
  102  145    1
  103  118    1
  103  119    1
  103  122    1
  103  124    1
  103  128    1
  103  131    1
  103  133    1
  103  141    1
  103  147    1
  103  148    1
  103  155    1
  103  159    1
  103  165    1
  103  183    1
  103  187    1
  103  188    1
  103  194    1
  103  198    1
  104  109    1
  104  110    1
  104  120    1
  104  133    1
  104  134    1
  104  143    1
  104  157    1
  104  163    1
  104  168    1
  104  171    1
  104  184    1
  104  191    1
  104  195    1
  105  106    1
  105  118    1
  106  107    1
  106  108    1
  106  109    1
  106  111    1
  106  113    1
  106  116    1
  106  143    1
  106  161    1
  106  162    1
  106  179    1
  106  187    1
  106  191    1
  106  194    1
  107  116    1
  107  127    1
  107  135    1
  107  137    1
  107  141    1
  107  154    1
  107  158    1
  107  163    1
  107  177    1
  107  179    1
  107  190    1
  108  116    1
  108  118    1
  108  133    1
  108  135    1
  108  141    1
  108  143    1
  108  157    1
  108  158    1
  108  159    1
  108  162    1
  108  165    1
  108  168    1
  108  179    1
  108  194    1
  109  115    1
  109  125    1
  109  134    1
  109  143    1
  109  151    1
  109  163    1
  109  165    1
  109  171    1
  109  177    1
  109  179    1
  109  194    1
  110  118    1
  110  124    1
  110  137    1
  110  177    1
  110  187    1
  111  120    1
  111  121    1
  111  122    1
  111  134    1
  111  151    1
  111  154    1
  111  162    1
  111  171    1
  111  177    1
  111  179    1
  111  180    1
  111  184    1
  111  187    1
  111  190    1
  111  199    1
  112  115    1
  113  125    1
  113  128    1
  113  131    1
  113  135    1
  113  145    1
  113  162    1
  113  163    1
  113  170    1
  113  174    1
  113  183    1
  113  191    1
  113  194    1
  113  196    1
  114  115    1
  114  127    1
  114  154    1
  114  170    1
  114  184    1
  115  118    1
  115  120    1
  115  125    1
  115  126    1
  115  127    1
  115  135    1
  115  141    1
  115  145    1
  115  159    1
  115  168    1
  115  169    1
  115  171    1
  115  177    1
  115  188    1
  115  189    1
  115  191    1
  115  194    1
  115  197    1
  116  118    1
  116  130    1
  116  132    1
  116  133    1
  116  134    1
  116  135    1
  116  136    1
  116  155    1
  116  169    1
  116  170    1
  116  177    1
  116  178    1
  116  181    1
  116  183    1
  116  184    1
  116  187    1
  116  197    1
  116  199    1
  117  128    1
  117  143    1
  117  151    1
  117  170    1
  117  177    1
  118  131    1
  118  133    1
  118  149    1
  118  151    1
  118  155    1
  118  158    1
  118  171    1
  118  172    1
  118  174    1
  118  189    1
  118  192    1
  118  197    1
  118  199    1
  119  120    1
  119  143    1
  119  159    1
  119  171    1
  119  177    1
  119  184    1
  120  121    1
  120  124    1
  120  134    1
  120  135    1
  120  146    1
  120  163    1
  120  169    1
  120  175    1
  120  187    1
  120  190    1
  120  193    1
  120  196    1
  120  199    1
  121  124    1
  121  125    1
  121  128    1
  121  137    1
  121  141    1
  121  149    1
  121  153    1
  121  159    1
  121  161    1
  121  190    1
  121  196    1
  122  122    1
  122  126    1
  122  134    1
  122  143    1
  122  154    1
  122  157    1
  122  163    1
  122  171    1
  122  173    1
  122  174    1
  122  175    1
  122  181    1
  122  183    1
  122  187    1
  122  192    1
  123  124    1
  123  125    1
  123  170    1
  124  126    1
  124  127    1
  124  130    1
  124  147    1
  124  163    1
  124  168    1
  124  170    1
  124  177    1
  124  178    1
  124  189    1
  124  195    1
  124  198    1
  125  126    1
  125  128    1
  125  143    1
  125  149    1
  125  153    1
  125  158    1
  125  160    1
  125  179    1
  125  194    1
  125  197    1
  126  141    1
  126  170    1
  127  131    1
  127  133    1
  127  134    1
  127  141    1
  127  144    1
  127  146    1
  127  153    1
  127  163    1
  127  165    1
  127  173    1
  127  176    1
  127  190    1
  127  191    1
  127  195    1
  127  196    1
  127  198    1
  128  133    1
  128  135    1
  128  145    1
  128  146    1
  128  153    1
  128  155    1
  128  157    1
  128  158    1
  128  163    1
  128  170    1
  128  171    1
  128  178    1
  128  187    1
  128  192    1
  129  163    1
  130  154    1
  130  156    1
  130  163    1
  130  177    1
  130  192    1
  130  196    1
  131  135    1
  131  141    1
  131  144    1
  131  145    1
  131  151    1
  131  154    1
  131  158    1
  131  159    1
  131  191    1
  133  135    1
  133  156    1
  133  161    1
  133  163    1
  133  165    1
  133  190    1
  133  192    1
  134  146    1
  134  151    1
  134  155    1
  134  157    1
  134  161    1
  134  176    1
  134  179    1
  134  181    1
  134  187    1
  134  191    1
  134  197    1
  135  154    1
  135  162    1
  135  169    1
  135  179    1
  135  181    1
  135  184    1
  135  188    1
  135  194    1
  135  196    1
  136  136    1
  136  137    1
  136  142    1
  136  143    1
  136  154    1
  136  156    1
  136  157    1
  136  162    1
  136  163    1
  136  168    1
  136  181    1
  136  188    1
  137  142    1
  137  146    1
  137  152    1
  137  155    1
  137  156    1
  137  160    1
  137  162    1
  137  165    1
  137  169    1
  137  173    1
  137  177    1
  137  178    1
  137  180    1
  137  190    1
  138  161    1
  139  165    1
  139  168    1
  139  188    1
  141  142    1
  141  147    1
  141  152    1
  141  158    1
  141  160    1
  141  161    1
  141  162    1
  141  166    1
  141  170    1
  141  183    1
  141  189    1
  141  199    1
  142  151    1
  142  156    1
  142  159    1
  142  168    1
  142  170    1
  142  192    1
  143  145    1
  143  156    1
  143  158    1
  143  160    1
  143  170    1
  143  196    1
  143  199    1
  144  146    1
  144  147    1
  144  152    1
  144  160    1
  144  165    1
  144  170    1
  144  173    1
  144  180    1
  145  151    1
  145  161    1
  145  170    1
  145  171    1
  145  173    1
  145  179    1
  145  184    1
  145  188    1
  146  151    1
  146  156    1
  146  177    1
  146  187    1
  146  188    1
  146  190    1
  147  161    1
  147  163    1
  148  168    1
  148  177    1
  148  188    1
  149  150    1
  149  154    1
  149  160    1
  149  163    1
  149  166    1
  149  173    1
  149  174    1
  149  183    1
  149  198    1
  151  164    1
  151  166    1
  151  169    1
  151  170    1
  151  179    1
  151  183    1
  151  187    1
  151  190    1
  151  197    1
  152  159    1
  152  179    1
  152  188    1
  153  156    1
  153  161    1
  153  183    1
  153  190    1
  153  192    1
  153  194    1
  154  156    1
  154  160    1
  154  166    1
  154  168    1
  154  170    1
  154  180    1
  155  158    1
  155  159    1
  155  161    1
  155  191    1
  156  156    1
  156  158    1
  156  162    1
  156  165    1
  156  168    1
  156  171    1
  156  181    1
  156  194    1
  157  162    1
  157  163    1
  157  172    1
  157  177    1
  157  189    1
  157  191    1
  158  161    1
  158  164    1
  158  181    1
  158  183    1
  158  191    1
  158  194    1
  158  199    1
  159  161    1
  159  166    1
  159  170    1
  159  172    1
  159  174    1
  159  177    1
  159  187    1
  159  194    1
  160  178    1
  160  181    1
  160  183    1
  160  191    1
  160  196    1
  161  170    1
  161  172    1
  161  173    1
  161  188    1
  161  189    1
  161  191    1
  161  194    1
  162  163    1
  162  177    1
  162  181    1
  162  189    1
  162  191    1
  162  194    1
  162  195    1
  162  199    1
  163  175    1
  163  187    1
  163  191    1
  163  195    1
  164  165    1
  164  190    1
  165  169    1
  165  178    1
  165  179    1
  165  180    1
  165  196    1
  165  197    1
  167  181    1
  168  169    1
  168  178    1
  168  182    1
  168  187    1
  168  188    1
  168  197    1
  168  198    1
  169  179    1
  169  190    1
  170  170    1
  170  171    1
  170  176    1
  170  188    1
  170  190    1
  171  184    1
  173  179    1
  174  196    1
  175  188    1
  176  190    1
  177  178    1
  177  181    1
  177  182    1
  177  183    1
  177  189    1
  178  178    1
  178  188    1
  178  190    1
  178  192    1
  178  196    1
  179  180    1
  179  182    1
  179  183    1
  179  192    1
  179  196    1
  179  199    1
  180  184    1
  181  184    1
  181  191    1
  183  192    1
  183  194    1
  184  184    1
  184  187    1
  184  189    1
  184  194    1
  184  197    1
  189  196    1
  190  199    1
  192  195    1
